5 1000000 22 0.000022000 builder 
50 2000000 167 0.000083500 builder 
1 3000000 37 0.000012333 builder 
10 3000000 68 0.000022667 builder 
50 3000000 481 0.000160333 builder 
25 4000000 157 0.000039250 builder 
50 4000000 280 0.000070000 builder 
50 5000000 438 0.000087600 builder 
5 6000000 78 0.000013000 builder 
50 6000000 596 0.000099333 builder 
25 7000000 433 0.000061857 builder 
50 7000000 598 0.000085429 builder 
5 8000000 173 0.000021625 builder 
10 8000000 241 0.000030125 builder 
25 8000000 356 0.000044500 builder 
25 9000000 458 0.000050889 builder 
50 9000000 1634 0.000181556 builder 
5 10000000 320 0.000032000 builder 
10 10000000 242 0.000024200 builder 
25 10000000 468 0.000046800 builder 
50 10000000 1452 0.000145200 builder 
